91 108
161 108
231 108
301 108
371 108
441 108
511 108
581 108
91 180
161 180
231 180
301 180
371 180
441 180
511 180
581 180
91 252
161 252
231 252
301 252
371 252
441 252
511 252
581 252
91 324
161 324
231 324
301 324
371 324
441 324
511 324
581 324
91 396
161 396
231 396
301 396
371 396
441 396
511 396
581 396
91 468
161 468
231 468
301 468
371 468
441 468
511 468
581 468
91 540
161 540
231 540
301 540
371 540
441 540
511 540
581 540
91 612
161 612
231 612
301 612
371 612
441 612
511 612
581 612
91 684
161 684
231 684
301 684
371 684
441 684
511 684
581 684
91 756
161 756
231 756
301 756
371 756
441 756
511 756
581 756
91 828
161 828
231 828
301 828
371 828
441 828
511 828
581 828
91 900
161 900
231 900
301 900
371 900
441 900
511 900
581 900